Name             Value      Min      Max   Stderr     Vary     Expr Brute_Step
beta_v            0.33        0        1     None     True     None     None
biting_rate0    0.0014        0      100     None     True     None     None
biting_rate1    0.0014        0      100     None     True     None     None
biting_rate2    0.0014        0      100     None     True     None     None
dispersion         0.1    1e-05       10     None     True     None     None
0.0014000000000014001
0.0014000000000014001
0.0014000000000014001
0.0014000000000014001
0.0014000000000014001
0.0014000000000014001
0.0014000000000014001
0.0014000000000014001
0.0014000000000014001
0.0014000000000014001
0.0014000000000014001
0.0014000000000014001
0.0014000000000014001
0.0014000000000014001
0.0014000000000014001
0.0014000000000014001
0.0014000000000014001
0.0014000000000014001
0.0014000000000014001
0.0014000000000014001
0.0014000000000014001
0.0014000000000014001
0.0014000000000014001
0.0014000000000014001
0.0014000000000014001
0.0014000000000014001
0.0014000000000014001
0.0014000000000014001
0.0014000000000014001
0.0014000000000014001
0.0014000000000014001
0.0014000000000014001
0.0014000000000014001
0.0014000000000014001
0.0014000000000014001
0.0014000000000014001
0.0014000000000014001
0.0014000000000014001
0.0014000000000014001
0.0014000000000014001
0.0014000000000014001
0.0014000000000014001
0.0014000000000014001
0.0014000000000014001
0.0014000000000014001
0.0014000000000014001
0.0014000000000014001
0.0014000000000014001
0.0014000000000014001
0.0014000000000014001
0.0014000000000014001
0.0014000000000014001
0.0014000000000014001
0.0014000000000014001
0.0014000000000014001
0.0014000000000014001
0.0014000000000014001
0.0014000000000014001
0.0014000000000014001
0.0014000000000014001
0.0014000000000014001
0.0014000000000014001
0.0014000000000014001
0.0014000000000014001
0.0014000000000014001
0.0014000000000014001
0.0014000000000014001
0.0014000000000014001
0.0014000000000014001
0.0014000000000014001
0.0014000000000014001
0.0014000000000014001
0.0014000000000014001
0.0014000000000014001
0.0014000000000014001
0.0014000000000014001
0.0014000000000014001
0.0014000000000014001
0.0014000000000014001
0.0014000000000014001
0.0014000000000014001
0.0014000000000014001
0.0014000000000014001
0.0014000000000014001
0.0014000000000014001
0.0014000000000014001
0.0014000000000014001
0.0014000000000014001
0.0014000000000014001
0.0014000000000014001
0.0014000000000014001
0.0014000000000014001
0.0014000000000014001
0.0014000000000014001
0.0014000000000014001
0.0014000000000014001
0.0014000000000014001
0.0014000000000014001
0.0014000000000014001
0.0014000000000014001
0.0014000000000014001
0.0014000000000014001
0.0014000000000014001
0.0014000000000014001
0.0014000000000014001
0.0014000000000014001
0.0014000000000014001
0.0014000000000014001
0.0014000000000014001
0.0014000000000014001
0.0014000000000014001
0.0014000000000014001
0.0014000000000014001
0.0014000000000014001
0.0014000000000014001
0.0014000000000014001
0.0014000000000014001
0.0014000000000014001
0.0014000000000014001
0.0014000000000014001
0.0014000000000014001
0.0014000000000014001
0.0014000000000014001
0.0014000000000014001
0.0014000000000014001
0.0014000000000014001
0.0014000000000014001
0.0014000000000014001
0.0014000000000014001
0.0014000000000014001
0.0014000000000014001
0.0014000000000014001
0.0014000000000014001
0.0014000000000014001
0.0014000000000014001
0.0014000000000014001
0.0014000000000014001
0.0014000000000014001
0.0014000000000014001
0.0014000000000014001
0.0014000000000014001
0.0014000000000014001
0.0014000000000014001
0.0014000000000014001
0.0014000000000014001
0.0014000000000014001
0.0014000000000014001
0.0014000000000014001
0.0014000000000014001
0.0014000000000014001
0.0014000000000014001
0.0014000000000014001
0.0014000000000014001
0.0014000000000014001
0.0014000000000014001
0.0014000000000014001
0.0014000000000014001
0.0014000000000014001
0.0014000000000014001
0.0014000000000014001
0.0014000000000014001
0.0014000000000014001
0.0014000000000014001
0.0014000000000014001
0.0014000000000014001
0.0014000000000014001
0.0014000000000014001
0.0014000000000014001
0.0014000000000014001
0.0014000000000014001
0.0014000000000014001
0.0014000000000014001
0.0014000000000014001
0.0014000000000014001
0.0014000000000014001
0.0014000000000014001
0.0014000000000014001
0.0014000000000014001
0.0014000000000014001
0.0014000000000014001
0.0014000000000014001
0.0014000000000014001
0.0014000000000014001
0.0014000000000014001
0.0014000000000014001
0.0014000000000014001
0.0014000000000014001
0.0014000000000014001
0.0014000000000014001
0.0014000000000014001
0.0014000000000014001
0.0014000000000014001
0.0014000000000014001
0.0014000000000014001
0.0014000000000014001
0.0014000000000014001
0.0014000000000014001
0.0014000000000014001
0.0014000000000014001
0.0014000000000014001
Name             Value      Min      Max   Stderr     Vary     Expr Brute_Step
beta_v          0.3219        0        1     None     True     None     None
biting_rate0    0.0014        0      100     None     True     None     None
biting_rate1    0.0014        0      100     None     True     None     None
biting_rate2    0.0014        0      100     None     True     None     None
dispersion         0.1    1e-05       10     None     True     None     None
0.0014000000000014001
0.0014000000000014001
0.0014000000000014001
0.0014000000000014001
0.0014000000000014001
0.0014000000000014001
0.0014000000000014001
0.0014000000000014001
0.0014000000000014001
0.0014000000000014001
0.0014000000000014001
0.0014000000000014001
0.0014000000000014001
0.0014000000000014001
0.0014000000000014001
0.0014000000000014001
0.0014000000000014001
0.0014000000000014001
0.0014000000000014001
0.0014000000000014001
0.0014000000000014001
0.0014000000000014001
0.0014000000000014001
0.0014000000000014001
0.0014000000000014001
0.0014000000000014001
0.0014000000000014001
0.0014000000000014001
0.0014000000000014001
0.0014000000000014001
0.0014000000000014001
0.0014000000000014001
0.0014000000000014001
0.0014000000000014001
0.0014000000000014001
0.0014000000000014001
0.0014000000000014001
0.0014000000000014001
0.0014000000000014001
0.0014000000000014001
0.0014000000000014001
0.0014000000000014001
0.0014000000000014001
0.0014000000000014001
0.0014000000000014001
0.0014000000000014001
0.0014000000000014001
0.0014000000000014001
0.0014000000000014001
0.0014000000000014001
0.0014000000000014001
0.0014000000000014001
0.0014000000000014001
0.0014000000000014001
0.0014000000000014001
0.0014000000000014001
0.0014000000000014001
0.0014000000000014001
0.0014000000000014001
0.0014000000000014001
0.0014000000000014001
0.0014000000000014001
0.0014000000000014001
0.0014000000000014001
0.0014000000000014001
0.0014000000000014001
0.0014000000000014001
0.0014000000000014001
0.0014000000000014001
0.0014000000000014001
0.0014000000000014001
0.0014000000000014001
0.0014000000000014001
0.0014000000000014001
0.0014000000000014001
0.0014000000000014001
0.0014000000000014001
0.0014000000000014001
0.0014000000000014001
0.0014000000000014001
0.0014000000000014001
0.0014000000000014001
0.0014000000000014001
0.0014000000000014001
0.0014000000000014001
0.0014000000000014001
0.0014000000000014001
0.0014000000000014001
0.0014000000000014001
0.0014000000000014001
0.0014000000000014001
0.0014000000000014001
0.0014000000000014001
0.0014000000000014001
0.0014000000000014001
0.0014000000000014001
0.0014000000000014001
0.0014000000000014001
0.0014000000000014001
0.0014000000000014001
0.0014000000000014001
0.0014000000000014001
0.0014000000000014001
0.0014000000000014001
0.0014000000000014001
0.0014000000000014001
0.0014000000000014001
0.0014000000000014001
0.0014000000000014001
0.0014000000000014001
0.0014000000000014001
0.0014000000000014001
0.0014000000000014001
0.0014000000000014001
0.0014000000000014001
0.0014000000000014001
0.0014000000000014001
0.0014000000000014001
0.0014000000000014001
0.0014000000000014001
0.0014000000000014001
0.0014000000000014001
0.0014000000000014001
0.0014000000000014001
0.0014000000000014001
0.0014000000000014001
0.0014000000000014001
0.0014000000000014001
0.0014000000000014001
0.0014000000000014001
0.0014000000000014001
0.0014000000000014001
0.0014000000000014001
0.0014000000000014001
0.0014000000000014001
0.0014000000000014001
0.0014000000000014001
0.0014000000000014001
0.0014000000000014001
0.0014000000000014001
0.0014000000000014001
0.0014000000000014001
0.0014000000000014001
0.0014000000000014001
0.0014000000000014001
0.0014000000000014001
0.0014000000000014001
0.0014000000000014001
0.0014000000000014001
0.0014000000000014001
0.0014000000000014001
0.0014000000000014001
0.0014000000000014001
0.0014000000000014001
0.0014000000000014001
0.0014000000000014001
0.0014000000000014001
0.0014000000000014001
0.0014000000000014001
0.0014000000000014001
0.0014000000000014001
0.0014000000000014001
0.0014000000000014001
0.0014000000000014001
0.0014000000000014001
0.0014000000000014001
0.0014000000000014001
0.0014000000000014001
0.0014000000000014001
0.0014000000000014001
0.0014000000000014001
0.0014000000000014001
0.0014000000000014001
0.0014000000000014001
0.0014000000000014001
0.0014000000000014001
0.0014000000000014001
0.0014000000000014001
0.0014000000000014001
0.0014000000000014001
0.0014000000000014001
0.0014000000000014001
0.0014000000000014001
0.0014000000000014001
0.0014000000000014001
0.0014000000000014001
0.0014000000000014001
0.0014000000000014001
0.0014000000000014001
0.0014000000000014001
0.0014000000000014001
0.0014000000000014001
0.0014000000000014001
0.0014000000000014001
0.0014000000000014001
0.0014000000000014001
0.0014000000000014001
0.0014000000000014001
0.0014000000000014001
0.0014000000000014001
Name             Value      Min      Max   Stderr     Vary     Expr Brute_Step
beta_v            0.33        0        1     None     True     None     None
biting_rate0    0.0014        0      100     None     True     None     None
biting_rate1    0.0014        0      100     None     True     None     None
biting_rate2    0.0014        0      100     None     True     None     None
dispersion     0.04338    1e-05       10     None     True     None     None
0.0014000000000014001
0.0014000000000014001
0.0014000000000014001
0.0014000000000014001
0.0014000000000014001
0.0014000000000014001
0.0014000000000014001
0.0014000000000014001
0.0014000000000014001
0.0014000000000014001
0.0014000000000014001
0.0014000000000014001
0.0014000000000014001
0.0014000000000014001
0.0014000000000014001
0.0014000000000014001
0.0014000000000014001
0.0014000000000014001
0.0014000000000014001
0.0014000000000014001
0.0014000000000014001
0.0014000000000014001
0.0014000000000014001
0.0014000000000014001
0.0014000000000014001
0.0014000000000014001
0.0014000000000014001
0.0014000000000014001
0.0014000000000014001
0.0014000000000014001
0.0014000000000014001
0.0014000000000014001
0.0014000000000014001
0.0014000000000014001
0.0014000000000014001
0.0014000000000014001
0.0014000000000014001
0.0014000000000014001
0.0014000000000014001
0.0014000000000014001
0.0014000000000014001
0.0014000000000014001
0.0014000000000014001
0.0014000000000014001
0.0014000000000014001
0.0014000000000014001
0.0014000000000014001
0.0014000000000014001
0.0014000000000014001
0.0014000000000014001
0.0014000000000014001
0.0014000000000014001
0.0014000000000014001
0.0014000000000014001
0.0014000000000014001
0.0014000000000014001
0.0014000000000014001
0.0014000000000014001
0.0014000000000014001
0.0014000000000014001
0.0014000000000014001
0.0014000000000014001
0.0014000000000014001
0.0014000000000014001
0.0014000000000014001
0.0014000000000014001
0.0014000000000014001
0.0014000000000014001
0.0014000000000014001
0.0014000000000014001
0.0014000000000014001
0.0014000000000014001
0.0014000000000014001
0.0014000000000014001
0.0014000000000014001
0.0014000000000014001
0.0014000000000014001
0.0014000000000014001
0.0014000000000014001
0.0014000000000014001
0.0014000000000014001
0.0014000000000014001
0.0014000000000014001
0.0014000000000014001
0.0014000000000014001
0.0014000000000014001
0.0014000000000014001
0.0014000000000014001
0.0014000000000014001
0.0014000000000014001
0.0014000000000014001
0.0014000000000014001
0.0014000000000014001
0.0014000000000014001
0.0014000000000014001
0.0014000000000014001
0.0014000000000014001
0.0014000000000014001
0.0014000000000014001
0.0014000000000014001
0.0014000000000014001
0.0014000000000014001
0.0014000000000014001
0.0014000000000014001
0.0014000000000014001
0.0014000000000014001
0.0014000000000014001
0.0014000000000014001
0.0014000000000014001
0.0014000000000014001
0.0014000000000014001
0.0014000000000014001
0.0014000000000014001
0.0014000000000014001
0.0014000000000014001
0.0014000000000014001
0.0014000000000014001
0.0014000000000014001
0.0014000000000014001
0.0014000000000014001
0.0014000000000014001
0.0014000000000014001
0.0014000000000014001
0.0014000000000014001
0.0014000000000014001
0.0014000000000014001
0.0014000000000014001
0.0014000000000014001
0.0014000000000014001
0.0014000000000014001
0.0014000000000014001
0.0014000000000014001
0.0014000000000014001
0.0014000000000014001
0.0014000000000014001
0.0014000000000014001
0.0014000000000014001
0.0014000000000014001
0.0014000000000014001
0.0014000000000014001
0.0014000000000014001
0.0014000000000014001
0.0014000000000014001
0.0014000000000014001
0.0014000000000014001
0.0014000000000014001
0.0014000000000014001
0.0014000000000014001
0.0014000000000014001
0.0014000000000014001
0.0014000000000014001
0.0014000000000014001
0.0014000000000014001
0.0014000000000014001
0.0014000000000014001
0.0014000000000014001
0.0014000000000014001
0.0014000000000014001
0.0014000000000014001
0.0014000000000014001
0.0014000000000014001
0.0014000000000014001
0.0014000000000014001
0.0014000000000014001
0.0014000000000014001
0.0014000000000014001
0.0014000000000014001
0.0014000000000014001
0.0014000000000014001
0.0014000000000014001
0.0014000000000014001
0.0014000000000014001
0.0014000000000014001
0.0014000000000014001
0.0014000000000014001
0.0014000000000014001
0.0014000000000014001
0.0014000000000014001
0.0014000000000014001
0.0014000000000014001
0.0014000000000014001
0.0014000000000014001
0.0014000000000014001
0.0014000000000014001
0.0014000000000014001
0.0014000000000014001
0.0014000000000014001
0.0014000000000014001
0.0014000000000014001
0.0014000000000014001
0.0014000000000014001
0.0014000000000014001
0.0014000000000014001
0.0014000000000014001
0.0014000000000014001
0.0014000000000014001
0.0014000000000014001
0.0014000000000014001
0.0014000000000014001
0.0014000000000014001
Name             Value      Min      Max   Stderr     Vary     Expr Brute_Step
beta_v            0.33        0        1     None     True     None     None
biting_rate0    0.1248        0      100     None     True     None     None
biting_rate1    0.0014        0      100     None     True     None     None
biting_rate2    0.0014        0      100     None     True     None     None
dispersion         0.1    1e-05       10     None     True     None     None
0.1248477589891328
0.12484775593734032
0.1248476979532895
0.12484766743537287
0.12484751484584007
0.12484748771882079
0.12484745381005041
0.12484745381005041
0.12484684345289156
0.1248465382748151
0.12484501238946238
0.12484474112183283
0.12484440203766846
0.12484440203766846
0.12483829859349702
0.12483524692170755
0.1248199890657226
0.12481727664575164
0.12481388615804441
0.12481388615804441
0.12475286445804462
0.1247223586376689
0.12456987983203185
0.1245427812647772
0.12450891178135642
0.12450891178135642
0.12434872253527349
0.12426866266139627
0.12386871078365276
0.12379766885989608
0.1237088921953219
0.1237088921953219
0.12341656494189328
0.12327051776570712
0.12254144639005757
0.12241203689045208
0.12225036127559569
0.12225036127559569
0.1218951730211426
0.12171775269344651
0.12083238905027066
0.1206752943244094
0.12047905465747577
0.12047905465747577
0.12007642820848197
0.11987534129304235
0.118872169806417
0.11869422308550373
0.11847195732070083
0.11847195732070083
0.11807174166430683
0.11787186083334616
0.11687472665090617
0.11669785442928805
0.11647693229836639
0.11647693229836639
0.11813294745680665
0.11796360536316555
0.11711852327801969
0.1169685705922725
0.1167812503560559
0.1167812503560559
0.11644441166957467
0.11627615516464002
0.11543650102302654
0.11528751330501842
0.11510139927847568
0.11510139927847568
0.11654441921621116
0.11642608411443023
0.11583521328693996
0.11573030998959177
0.11559924047393723
0.11559924047393723
0.115363482242645
0.11524568359514034
0.11465749503903133
0.1145530685899287
0.1144225951345811
0.1144225951345811
0.11544264417976342
0.115364381523857
0.11497342315612974
0.1149039813733096
0.11481720543454775
0.11481720543454775
0.11466108235611372
0.11458305630807718
0.11419328097969934
0.11412404951498577
0.11403753647385713
0.11403753647385713
0.11468834807539387
0.11462394357038351
0.11430216279099767
0.11424499950024362
0.11417356329388742
0.11417356329388742
0.1140450282622881
0.11398078492105503
0.11365980996055558
0.11360278992649245
0.1135315327909999
0.1135315327909999
0.11406445579976805
0.1140099194704528
0.11373741200132076
0.11368899662048593
0.11362849029647527
0.11362849029647527
0.11351961503894825
0.11346519482792917
0.11319326795027802
0.11314495578570645
0.1130845784820249
0.1130845784820249
0.11353181930959483
0.11348349754724593
0.11324202604641474
0.11319912173837694
0.11314550152450846
0.11314550152450846
0.11304901361884571
0.11300078339710569
0.11275976959931876
0.11271694666071105
0.11266342815863019
0.11266342815863019
0.11257588430905519
0.11253212373033156
0.11231343429735208
0.11227457597318073
0.11222601147245832
0.11222601147245832
0.11214571335715133
0.11210557387793625
0.11190497226624482
0.11186932647049508
0.11182477632094746
0.11182477632094746
0.11174933733761742
0.11171162632701104
0.11152315608456556
0.11148966506191214
0.11144780756586102
0.11144780756586102
0.11137475852956658
0.11133824198744272
0.11115573903705711
0.11112330798511162
0.11108277507834526
0.11108277507834526
0.11100852613095603
0.11097140992155517
0.11078591151748841
0.11075294844343438
0.11071175072256588
0.11071175072256588
0.11063125904561938
0.11059102294869831
0.11038993987961507
0.11035420877605019
0.11030955211255869
0.11030955211255869
0.1102169183286463
0.1101706143813074
0.10993922409078576
0.10989811062563018
0.10984672838279112
0.10984672838279112
0.10973510848880709
0.10967931740813014
0.10940055066789595
0.10935102505530117
0.10928913201460588
0.10928913201460588
0.1091511183391062
0.10908214047844593
0.10873754094604042
0.10867632936779377
0.10859983635949624
0.10859983635949624
0.10843960872462338
0.1083595341861843
0.10795955428396238
0.10788851528198251
0.10779974562506124
0.10779974562506124
0.10764803896715297
0.10757222108069349
0.10719348607334289
0.10712621724741776
0.10704215746871112
0.10704215746871112
0.10767822746444432
0.1076174911216783
0.10731403678327261
0.10726012901907044
0.10719276115644173
0.10719276115644173
0.10707154616305739
0.10701096140390765
0.10670826498358338
0.10665449196037345
0.10658729252398506
0.10658729252398506
0.10645413268078784
0.10638758033793931
0.10605509441119754
0.10599603392294564
0.10592222874133456
0.10592222874133456
0.10579140864440195
0.10572602536143119
0.10539937660153265
0.1053413524128186
0.10526884200321904
0.10526884200321904
0.10580986893837
0.10575370877996518
0.10547310541871568
0.1054232548255423
0.10536095620857738
0.10536095620857738
0.10524885964664564
0.10519283110875723
0.10491288585008979
0.10486315225293098
0.10480099988098429
0.10480099988098429
0.10468426375861958
0.10462591720998753
0.10433439959233001
0.10428261177438151
0.10421789293716834
0.10421789293716834
0.10410501733911712
0.10404859975220751
0.10376671393881955
0.10371663617255958
0.10365405393667239
0.10365405393667239
0.1035526004932908
0.10350189017753228
0.10324850265806224
0.10320348461392305
0.10314722421129147
0.10314722421129147
0.10305414676367888
0.10300762190793984
0.10277513630991723
0.10273382973471534
0.10268220678835538
0.10268220678835538
0.10258820290506979
0.1025412151653751
0.1023064184863823
0.1022647016349152
0.1022125660905429
0.1022125660905429
0.10211199615885953
0.1020617275143912
0.10181054750578314
0.10176592176047629
0.1017101516687489
0.1017101516687489
0.101607591450609
0.10155632838916626
0.10130018355822439
0.1012546764450443
0.10119780518144118
0.10119780518144118
0.10110313911938422
0.10105582067674698
0.1008193743474733
0.10077736489913283
0.10072486389492297
0.10072486389492297
0.1011130105212133
0.10107062489517647
0.10085881380576334
0.10082117892290755
0.10077414398902457
0.10077414398902457
0.10068950538315807
0.10064719778430194
0.10043577683079227
0.10039821130543045
0.10035126306841491
0.10035126306841491
0.10025751127352435
0.10021064978992647
0.09997648651041127
0.09993488263302956
0.09988288846322645
0.09988288846322645
0.09978464847475402
0.099735544372887
0.09949018278724377
0.0994465906796913
0.09939211231737603
0.09939211231737603
0.09930217886914075
0.09925722552066232
0.09903259253466243
0.0989926811201597
0.09894280175991217
0.09894280175991217
0.09931405017783522
0.09927502918504061
0.09908002499082556
0.09904537516139202
0.09900207033902662
0.09900207033902662
0.09892414255916314
0.0988851887462072
0.09869052045118555
0.09865593033716416
0.09861270015906395
0.09861270015906395
0.09852423132663007
0.0984800099434513
0.09825903335793887
0.09821977137239993
0.0981707035445786
0.0981707035445786
0.09807617506977076
0.09802892577097862
0.09779282866313563
0.09775088190968943
0.09769845953352005
0.09769845953352005
0.09761237090250567
0.09756933902906896
0.09735430408259017
0.09731609735728154
0.09726834816699424
0.09726834816699424
0.09762535190311725
0.09758880706016296
0.09740617256786274
0.09737371986895496
0.0973331606414292
0.0973331606414292
0.09726017264098799
0.0972236876130145
0.09704135219561823
0.09700895266558225
0.09696845989914626
0.09696845989914626
0.09688423018081867
0.09684212731046399
0.09663173284678188
0.09659435030531688
0.09654763100908496
0.09654763100908496
0.09645645316310253
0.09641087834234614
0.09618314526091248
0.09614268398613732
0.09609211783876823
0.09609211783876823
0.09600931866192568
0.09596793075069167
0.09576110796639424
0.09572435984641792
0.09567843334621584
0.09567843334621584
0.09602276655475303
0.0959880991043445
0.09581484376829258
0.09578405711282165
0.09574557986133413
0.09574557986133413
0.09567633779863988
0.0956417249588918
0.09546874267614218
0.09543800456348053
0.09539958799050466
0.09539958799050466
0.09531886932484872
0.09527852115990296
0.09507689201399616
0.09504106631884753
0.09499629247241706
0.09499629247241706
0.09490817898134299
0.09486413559334736
0.09464405222878311
0.09460494960429082
0.09455608121815057
0.09455608121815057
0.09447613881458714
0.09443617865200397
0.09423648823107397
0.09420100697360903
0.09415666357896198
0.09415666357896198
0.09448963970529943
0.09445642657379148
0.09429043716542779
0.09426094124165722
0.09422407698503114
0.09422407698503114
0.09415773713774814
0.09412457483902424
0.09395883959458086
0.09392938885550725
0.09389258107975236
0.09389258107975236
0.09381482849461405
0.09377596270886278
0.09358173884828531
0.09354722849484433
0.09350409833587116
0.09350409833587116
0.09341880274850556
0.0933761676452597
0.09316311903339984
0.09312526586760939
0.09307795881069497
0.09307795881069497
0.09300053364806105
0.0929618315645094
0.09276842612440432
0.09273406125214076
0.09269111293793376
0.09269111293793376
0.09301381780259635
0.09298175450260544
0.09282151004323494
0.09279303470939114
0.09275744587842594
0.09275744587842594
0.09269340092443934
0.09266138565150445
0.09250138132741398
0.09247294868428664
0.092437413216717
0.092437413216717
0.09236220439458528
0.09232460994838904
0.09213673736610385
0.09210335518318202
0.09206163483591463
0.09206163483591463
0.0919789273906041
0.09193758576208089
0.09173099856078511
0.09169429304973986
0.09164842011954961
0.09164842011954961
0.09157322890494331
0.09153564333223209
0.09134781581459561
0.09131444176482233
0.0912727316356368
0.0912727316356368
0.09158613095838997
0.09155499326376158
0.09139937365013444
0.09137171995603868
0.09133715793912378
0.09133715793912378
0.09127496059065032
0.09124386880236508
0.09108847872045348
0.09106086583199603
0.09102635482212901
0.09102635482212901
0.09095335226341394
0.09091686049890826
0.0907344968248984
0.09070209321823157
0.09066159575793643
0.09066159575793643
0.09058125978666683
0.09054110336407667
0.09034043688157244
0.09030478301608581
0.0902602242494458
0.0902602242494458
0.09018702527792193
0.09015043542858707
0.08996758254618367
0.08993509218126704
0.08989448636321538
0.08989448636321538
0.09019944967826758
0.09016906903506292
0.09001723224288367
0.08999025062538922
0.08995652852380594
0.08995652852380594
0.08989584251775332
0.0898655061571114
0.08971389077774614
0.08968694852252974
0.08965327562379398
0.08965327562379398
0.08958220374355165
0.08954667694104843
0.08936913430471174
0.0893375871131902
0.08929815989239415
0.08929815989239415
0.08921999225392056
0.08918091952635022
0.08898566680516283
0.08895097456364542
0.08890761747779789
0.08890761747779789
0.08883620127628448
0.08880050246876992
0.08862210136361845
0.08859040182696053
0.08855078429002117
0.08855078429002117
0.08884809844004457
0.0888183453756359
0.08866964459827266
0.08864322016663621
0.08861019440817805
0.08861019440817805
0.08855076142999813
0.08852105139537618
0.08837256576694645
0.08834617958400928
0.08831320163642525
0.08831320163642525
0.08824383149981062
0.08820915525072946
0.08803586219758523
0.0880050699319723
0.08796658613271624
0.08796658613271624
0.08789039865052851
0.08785231558377371
0.08766200699339033
0.08762819298028417
0.08758593337081928
0.08758593337081928
0.08751611700408668
0.08748121781774762
0.0873068118563247
0.0872758220505884
0.08723709145788264
0.08723709145788264
0.08752746655286434
0.08749823945315811
0.08735216704733938
0.08732620962840783
0.08729376752827767
0.08729376752827767
0.08723538483393925
0.08720619979604129
0.08706033769926387
0.08703441766860634
0.0870020223038187
0.0870020223038187
0.08693416105947885
0.08690023898655039
0.08673071411432275
0.08670059127645506
0.08666294406189189
0.08666294406189189
0.08658856426354579
0.08655138466985898
0.08636558975628755
0.08633257753101958
0.08629131988312815
0.08629131988312815
0.08622294275405476
0.08618876293076926
0.0860179512268537
0.08598759995393747
0.08594966733779305
0.08594966733779305
0.08623374230649238
0.08620495971594161
0.08606110874085894
0.08603554604838853
0.0860035972737391
0.0860035972737391
0.08594610233399824
0.08591736106189493
0.08577371667904951
0.08574819071408793
0.08571628784882457
0.08571628784882457
0.085649771087835
0.08561652102703388
0.08545035391996482
0.08542082761759745
0.08538392590237427
0.08538392590237427
0.0853111969227051
0.08527484241271335
0.08509316966118305
0.08506088969652155
0.08502054713317084
0.08502054713317084
0.08495346765016984
0.08491993642920007
0.08475236552965866
0.08472259001461686
0.08468537693231888
0.08468537693231888
0.0849637254626412
0.08493532074091598
0.08479335826768611
0.08476813116191356
0.08473660180824573
0.08473660180824573
0.08467986165157765
0.08465149768678325
0.08450973899820735
0.08448454812081774
0.08445306405262855
0.08445306405262855
0.08438775011887706
0.08435510127639893
0.084191938307985
0.08416294573394847
0.08412671103447515
0.08412671103447515
0.08405549087146356
0.0840198904825626
0.08384198546410639
0.08381037481746914
0.08377086868887987
0.08377086868887987
0.08370496147516049
0.08367201619871366
0.08350737312060814
0.08347811777542664
0.08344155476462597
0.08344155476462597
0.08371469170331855
0.08368660926249541
0.08354625757795492
0.08352131672716413
0.08349014514660716
0.08349014514660716
0.0834340488538128
0.08340600675937314
0.08326585680675005
0.08324095181941127
0.08320982506816928
0.08320982506816928
0.0831455907187771
0.08311348150257529
0.08295301500650877
0.0829245015158565
0.08288886554772205
0.08288886554772205
0.08281902593514189
0.08278411556834687
0.08260965812932247
0.08257865994405521
0.08253991920468971
0.08253991920468971
0.08247507272112582
0.08244265764655445
0.08228066394580322
0.08225187931627576
0.08221590457915201
0.08221590457915201
0.08248429240995919
0.08245648502223069
0.08231750817995581
0.08229281167172418
0.08226194548801744
0.08226194548801744
0.08220639882177708
0.08217863149829366
0.08203985497724423
0.08201519408167487
0.08198437241379598
0.08198437241379598
0.0819211094466067
0.08188948578114162
0.08173144563511173
0.08170336325066085
0.08166826606130435
0.08166826606130435
0.08159969116675378
0.08156541293624828
0.08139411395141895
0.08136367688049617
0.08132563736907963
0.08132563736907963
0.08126175187860053
0.08122981716123348
0.0810702238531231
0.08104186571694023
0.08100642399328388
0.08100642399328388
0.08127047907678059
0.08124290591471588
0.08110509994524037
0.08108061154758858
0.08105000548317927
0.08105000548317927
0.08099492697867765
0.08096739371051165
0.0808297872105297
0.08080533427412122
0.08077477253626603
0.08077477253626603
0.08071238512750815
0.0806811991233549
0.08052534610484555
0.08049765233733971
0.08046304083182834
0.08046304083182834
0.08039562592016203
0.08036192748552011
0.08019352552422312
0.08016360313844971
0.08012620683859681
0.08012620683859681
0.0800631926629515
0.08003169348500576
0.07987427669404573
0.07984630528835984
0.07981134689042052
0.07981134689042052
0.08007144526031035
0.08004407044462875
0.07990725610083677
0.07988294397365943
0.07985255823947417
0.07985255823947417
0.07979787630734253
0.07977054131473832
0.0796339260863334
0.0796096493574471
0.07957930787112562
0.07957930787112562
0.0795177104450713
0.07948691933435792
0.07933303980392872
0.07930569670790608
0.07927152346922131
0.07927152346922131
0.07920517361412847
0.07917200753656513
0.07900626564857917
0.07897681586599412
0.0789400101933058
0.0789400101933058
0.0788777862208927
0.07884668204583113
0.07869123928197318
0.07866361864216581
0.07862909862843992
0.07862909862843992
0.07888558124755754
0.07885837275109998
0.07872239003297811
0.07869822575552035
0.07866802483567342
0.07866802483567342
0.07861367557547964
0.07858650692179935
0.07845072341756365
0.0784265945559079
0.07839643790581345
0.07839643790581345
0.07833555340915953
0.07830511868324283
0.07815302027776189
0.07812599368675435
0.0780922160201507
0.0780922160201507
0.07802684490686708
0.07799416805100584
0.07783087077950518
0.07780185533506948
0.0777655924745475
0.0777655924745475
0.07770408488252517
0.07767333881648453
0.07751968578598678
0.07749238317936127
0.07745826064698352
0.07745826064698352
0.07771143810059741
0.07768436690559839
0.07754907085036318
0.07752502867345645
0.0774949803908238
0.0774949803908238
0.07744090590988705
0.07741387466139471
0.07727877833869293
0.07725477166979212
0.07722476777216689
0.07722476777216689
0.07716452626014006
0.077134412963051
0.07698392106684925
0.07695717996671761
0.07692375911668223
0.07692375911668223
0.07685928795351342
0.07682706094351054
0.0766660116093114
0.07663739557274006
0.07660163187634553
0.07660163187634553
0.07654077303404434
0.07651035127785645
0.07635831914654428
0.07633130458634473
0.07629754206384544
0.07629754206384544
0.07654769871294795
0.0765207381507137
0.07638599553418794
0.07636205179434866
0.07633212657841217
0.07633212657841217
0.07627827367454185
0.07625135324207123
0.07611681127436364
0.07609290320542536
0.07606302257811512
0.07606302257811512
0.07600336004304614
0.07597353618609985
0.07582449100725042
0.07579800701697512
0.07576490751845558
0.07576490751845558
0.07570126405977784
0.0756694507911403
0.07551046905496624
0.07548222039790721
0.07544691584376961
0.07544691584376961
0.07538664336824338
0.07535651474548055
0.07520594778166947
0.0751791936085151
0.07514575653281311
0.07514575653281311
0.07539315417378187
0.07536627939723842
0.0752319660990256
0.07520809875046672
0.07517826905250918
0.07517826905250918
0.0751245881618606
0.07509775377498674
0.07496364242512187
0.0749398109784915
0.07491002615794462
0.07491002615794462
0.07485088354789922
0.0748213196192804
0.07467357374022517
0.07464732067693323
0.0746145098118212
0.0746145098118212
0.07455162748692902
0.07452019469121643
0.07436311437998856
0.07433520359007072
0.07430032130025378
0.07430032130025378
0.07424057723856088
0.07421071278690959
0.07406146632060481
0.07403494684008788
0.07400180310366036
0.07400180310366036
0.07424668419079042
0.07421987174476598
0.07408587060171609
0.07406205883509927
0.07403229865179657
0.07403229865179657
0.07397874299176302
0.07395197127045346
0.07381817375097811
0.07379439818410789
0.07376468325048842
0.07376468325048842
0.07370600563770699
0.07367667418691955
0.07353009048901499
0.07350404399941132
0.07347149133600175
0.07347149133600175
0.07340930847402265
0.07337822533154893
0.07322289250433872
0.07319529224176766
0.0731607980531952
0.0731607980531952
0.07310152816950943
0.07307190078453017
0.07292383942827013
0.07289753059501806
0.07286465015112972
0.07286465015112972
0.07281118378416213
0.07278445677086604
0.07265088340626255
0.07262714779642185
0.0725974828546304
0.0725974828546304
0.07254591674515097
0.07252013944744444
0.07239131052924389
0.0723684176556464
0.07233980582811861
0.07233980582811861
0.07228421873579079
0.0722564318996212
0.07211756481871667
0.07209288904564064
0.07206204929966177
0.07206204929966177
0.07200079396367237
0.07197017447045116
0.07181715875208015
0.07178997022150542
0.07175599061367476
0.07175599061367476
0.07169450007560274
0.07166376307364916
0.07151016073470538
0.07148286807709457
0.07144875837884583
0.07144875837884583
0.07139315112504137
0.07136535428302164
0.0712264379217479
0.07120175351838637
0.07117090304002334
0.07117090304002334
0.07112001721224176
0.07109457999835989
0.07096745092903983
0.07094486015129974
0.07091662590135345
0.07091662590135345
0.07086414517460352
0.07083791089235518
0.07070680029237962
0.07068350235196293
0.07065438443098028
0.07065438443098028
0.07059558887652181
0.0705661987558359
0.07041932471783964
0.07039322713731673
0.07036061083317667
0.07036061083317667
0.07029795918841217
0.07026664209028506
0.07011014384220078
0.07008233715399885
0.07004758525615766
0.07004758525615766
0.06998893012207383
0.06995961023005379
0.06981308752017248
0.06978705243022355
0.06975451425298877
0.06975451425298877
0.06999563755122924
0.06996966971857746
0.06983989075344241
0.069816829441124
0.06978800725984625
0.06978800725984625
0.06973613981908316
0.06971021211851403
0.0695806338137923
0.06955760817443624
0.06952883058436146
0.06952883058436146
0.06947082209902147
0.06944182540966856
0.06929691749607461
0.06927116926866381
0.06923898957944999
0.06923898957944999
0.06917652694874162
0.06914530442192056
0.06898927967314655
0.06896155727475564
0.06892691078679154
0.06892691078679154
0.06886776511014236
0.06883820018123514
0.06869045463087231
0.0686642025560463
0.06863139332134142
0.06863139332134142
0.068874600714154
0.06884845186442366
0.06871776948165663
0.06869454785275939
0.06866552539929595
0.06866552539929595
0.0686132978145045
0.06858719020869719
0.06845671404554536
0.06843352907791306
0.06840455245103076
0.06840455245103076
0.06834674634638807
0.06831785089709487
0.0681734496809101
0.06814779161977735
0.06811572467523413
0.06811572467523413
0.06805402424790355
0.06802318272685773
0.06786906204782338
0.06784167798336399
0.06780745434176717
0.06780745434176717
0.06774883194742266
0.06771952862663125
0.06757309078648258
0.06754707113582849
0.06751455240686705
0.06751455240686705
0.06775495725472536
0.0677287150273736
0.06759756705230646
0.06757426287754444
0.0675451373377357
0.0675451373377357
0.06749272446628271
0.06746652434672537
0.0673355869106303
0.06731232016501884
0.06728324141164835
0.06728324141164835
0.0672256986306453
0.06719693487797784
0.0670531924929814
0.06702765161812464
0.06699573118220854
0.06699573118220854
0.06693458325375984
0.06690401794520232
0.06675127795908314
0.06672413928666499
0.06669022235774737
0.06669022235774737
0.06663184189113065
0.06660265957747104
0.06645682720566026
0.06643091526931802
0.06639853121529671
0.06639853121529671
0.06634587093309807
0.06631954725887383
0.06618799355650327
0.06616461751540295
0.06613540225430538
0.06613540225430538
0.0660846369040919
0.06605926025848595
0.06593243732546404
0.06590990154687057
0.06588173628992561
0.06588173628992561
0.06582696024112898
0.06579957925905008
0.06566274477184972
0.06563843092862492
0.06560804384112684
0.06560804384112684
0.06554753507374682
0.06551728931342728
0.06536614674553423
0.06533929200222598
0.06530572996077251
0.06530572996077251
0.06524483702813672
0.06521439932834705
0.06506229849468102
0.06503527364280283
0.06500149907167968
0.06500149907167968
0.06494637714775715
0.06491882339680341
0.06478112675210984
0.06475665993077825
0.06472608174560084
0.06472608174560084
0.06467566091094877
0.0646504565480203
0.06452449527735377
0.06450211272662033
0.06447413902294251
0.06447413902294251
0.06442214307010663
0.06439615155300113
0.064266258560598
0.06424317774362952
0.0642143315070948
0.0642143315070948
0.06415599029470025
0.06412682784785853
0.06398109720720557
0.0639552037746564
0.063922843027937
0.063922843027937
0.06386051076541853
0.06382935398312088
0.06367366356124868
0.06364600157661839
0.06361143102098725
0.06361143102098725
0.06355294929791258
0.06352371669877571
0.06337763632709614
0.06335168089994075
0.06331924273629319
0.06331924273629319
0.06355960623767516
0.06353370033419004
0.06340423569847385
0.06338123108415919
0.06335248012231842
0.06335248012231842
0.06330074184795217
0.06327487919893997
0.06314563083558838
0.0631226646696941
0.0630939617683788
0.0630939617683788
0.06303617745726543
0.06300729342232708
0.06286295445381862
0.06283730836205981
0.06280525676263413
0.06280525676263413
0.06274301047342049
0.06271189678765941
0.0625564229473117
0.06252879965779559
0.06249427755245284
0.06249427755245284
0.06243514723946182
0.06240559065304328
0.062257893421719994
0.06223165108970133
0.06219885452288313
0.06219885452288313
0.062441776289837686
0.062415532414458554
0.06228438059684729
0.062261076506282896
0.06223195139746885
0.06223195139746885
0.0621795402138996
0.0621533413780434
0.06202241475804688
0.061999150702614
0.06197007563771434
0.06197007563771434
0.061912283373582025
0.06188339548453472
0.06173903846948659
0.06171338938302531
0.06168133413088861
0.06168133413088861
0.0616197085406772
0.061588905154361856
0.06143498231068895
0.061407634666575596
0.06137345708090822
0.06137345708090822
0.06131464145721643
0.0612852422505368
0.061138332268801464
0.061112229953490915
0.06107960843354996
0.06107960843354996
0.06102669947989972
0.06100025199362728
0.06086808446779214
0.060844600216262354
0.06081525008003732
0.06081525008003732
0.06076428065993754
0.06073880246015311
0.06061147656388566
0.06058885220846922
0.06056057658661754
0.06056057658661754
0.06050540193862476
0.06047782226973898
0.06034000047641596
0.060315512181335046
0.060284907482936204
0.060284907482936204
0.060223694550770236
0.06019309754237443
0.06004020707726729
0.06001304305243902
0.05997909502709794
0.05997909502709794
0.059917390428050055
0.05988654777851153
0.059732431030672654
0.05970504933555809
0.05967082936480224
0.05967082936480224
0.059615075809871965
0.059587206943429394
0.05944794172144203
0.059423197263350304
0.05939227255075235
0.05939227255075235
0.059341377513492485
0.0593159366119846
0.05918879827566584
0.05916620745068965
0.0591379738210413
0.0591379738210413
0.05908541533037903
0.05905914316640148
0.05892785316004937
0.05890452507041771
0.05887537020382521
0.05887537020382521
0.05881615544392987
0.058786557085349016
0.058638655506112816
0.058612377633012094
0.058579536974130125
0.058579536974130125
0.05851606440874356
0.05848433853396653
0.058325813239243865
0.05829764912494127
0.05826245169163062
0.05826245169163062
0.0582029062582949
0.05817314274142572
0.05802441715506667
0.05799799310314869
0.05796496985291691
0.05796496985291691
0.058209789061989564
0.05818346494274895
0.0580519163023449
0.05802854243263473
0.05799933042555617
0.05799933042555617
0.05794676373698053
0.05792048758827262
0.05778917880053207
0.05776584757129538
0.057736688864808726
0.057736688864808726
0.05767787946851291
0.057648483809855024
0.05750159591146591
0.05747549827991595
0.05744288293639706
0.05744288293639706
0.057379374577181556
0.057347630983012855
0.05718901886655957
0.05716083962703432
0.05712562341869373
0.05712562341869373
0.057065186953429076
0.057034978349520524
0.05688403161721554
0.05685721344331966
0.0568236978583378
0.0568236978583378
0.0570719360903474
0.057045100024074584
0.056910995671713885
0.05688716815520262
0.05685738938763787
0.05685738938763787
0.05680380336462941
0.056777017951025535
0.05664316686200952
0.05661938437009287
0.05658966188327138
0.05658966188327138
0.056530638188933564
0.056501135595221366
0.056353715161227246
0.05632752323002188
0.05629479017042752
0.05629479017042752
0.056231810160061894
0.05620033073490725
0.05604303940941575
0.056015094967731424
0.055980172252683924
0.055980172252683924
0.05591987664261992
0.0558897385783418
0.055739145664490175
0.05571239058712911
0.055678953955801025
0.055678953955801025
0.05562452840179616
0.05559732359522767
0.05546137926672461
0.05543722529336108
0.055407038730681785
0.055407038730681785
0.055354561003358047
0.05532832957875869
0.05519724684638679
0.055173956229613255
0.05514484846906302
0.05514484846906302
0.055088124538792055
0.055059771298501384
0.05491809234549596
0.0548929201996703
0.0548614614802362
0.0548614614802362
0.054798582549659094
0.054767153849972376
0.05461011800755736
0.054582219308886
0.05454735391006667
0.05454735391006667
0.05448383545072265
0.05445208725714773
0.05429345665024424
0.05426527490986128
0.054230055909269326
0.054230055909269326
0.05417241477102179
0.0541436033320284
0.05399963743836558
0.05397405943247693
0.053942093688175666
0.053942093688175666
0.05388932307324517
0.053862945450310944
0.0537311341809501
0.05370771447479687
0.05367844553435056
0.05367844553435056
0.053623991082549644
0.05359677207138647
0.05346075916294352
0.053436593423864816
0.053406392335007026
0.053406392335007026
0.053345169280709315
0.053314568179804504
0.05316166693772074
0.05313450268697773
0.05310055509669271
0.05310055509669271
0.053034912886417374
0.05300210382203025
0.05283817890760008
0.05280905770996571
0.052772665131997236
0.052772665131997236
0.05271083273842672
0.052679927277439975
0.052525507330491564
0.05249807362790064
0.052463789452105336
0.052463789452105336
0.052717696712180274
0.0526902209863842
0.052552927198527936
0.05252853421757434
0.052498049275910036
0.052498049275910036
0.05244319397759188
0.05241577481254522
0.052278763828436
0.05225442112370408
0.05222399902731689
0.05222399902731689
0.05216293627960804
0.05213241546263647
0.05197991694660718
0.05195282451955315
0.0519189668056488
0.0519189668056488
0.051853128222039475
0.05182022126028117
0.051655809751953226
0.051626602553516567
0.051590102688838395
0.051590102688838395
0.05152709825877657
0.0514956073914676
0.05133826653214222
0.05131031462395806
0.051275383144447816
0.051275383144447816
0.051533655998623674
0.051505441761489835
0.05136446165555598
0.05133941441771415
0.05130811211705889
0.05130811211705889
0.05125178686649124
0.05122363334918093
0.05108295684236475
0.05105796357769939
0.05102672874351475
0.05102672874351475
0.050965169533902885
0.05093440085592702
0.050780666734348355
0.05075335528959014
0.05071922407759054
0.05071922407759054
0.05065374585552402
0.050621019165978845
0.05045750993313395
0.050428463298780264
0.050392164206940454
0.050392164206940454
0.05032902314557804
0.050297464223930825
0.0501397857060348
0.050111774225612186
0.05007676847436838
0.05007676847436838
0.05001912277962192
0.04999030965568775
0.04984634127040745
0.0498207638568027
0.049788799292344234
0.049788799292344234
0.04973301737532772
0.04970513556264206
0.04956581795744008
0.04954106634132512
0.049510133595864855
0.049510133595864855
0.04945025777808795
0.04942033045330425
0.04927079967043317
0.049244234887883306
0.04921103674977357
0.04921103674977357
0.04914516093886094
0.04911223590622943
0.04894773947131982
0.04891851812189438
0.04888200097053837
0.04888200097053837
0.04881530177583215
0.048781965444252194
0.04861541644408394
0.04858583087980637
0.04854885875095801
0.04854885875095801
0.0484875934934849
0.04845697211618791
0.04830397774409884
0.048276798376757836
0.04824283250198127
0.04824283250198127
0.04818619650296198
0.048157888165709095
0.048016443102012495
0.04799131417215727
0.04795991016706549
0.04795991016706549
0.04790162976791055
0.04787249984666712
0.04772695302379014
0.0477010959672689
0.04766878226019813
0.04766878226019813
0.047603900749576225
0.04757147279362349
0.04740946100744196
0.047380681245157354
0.04734471602330768
0.04734471602330768
0.04727542491546538
0.04724079403745895
0.047067786406573935
0.04703705510177395
0.04699865184182192
0.04699865184182192
0.046932782241192385
0.046899860778091544
0.0467353868347268
0.0467061702940904
0.04666965949771263
0.04666965949771263
0.04661039538019638
0.04658077417578791
0.04643277669724217
0.046406484973666354
0.04637362835945561
0.04637362835945561
0.04631602767790706
0.04628723764084353
0.04614339049263321
0.04611783564477586
0.04608589971733251
0.04608589971733251
0.046022865415386756
0.045991360663411716
0.045833960893514956
0.045806000346665356
0.045771058847546196
0.045771058847546196
0.04570084216771528
0.04566574929533142
0.045490439608727846
0.04545930043083531
0.04542038791590045
0.04542038791590045
0.045349813027297355
0.04531454130101401
0.04513833984977956
0.04510704257301575
0.04506793262003748
0.04506793262003748
0.045004232796825666
0.044972395765711916
0.044813339415064664
0.04478508520510876
0.04474977698376916
0.04474977698376916
0.04469118441166472
0.04466189908201128
0.04451558199773209
0.04448958918897584
0.04445710629388147
0.04445710629388147
0.044395875766115235
0.044365272527571976
0.04421237658825438
0.044185216070417276
0.04415127433078007
0.04415127433078007
0.04408187111560441
0.04404718504007893
0.043873909983075075
0.0438431326297083
0.0438046724432312
0.0438046724432312
0.04373043187874281
0.04369332947648214
0.043507996265014094
0.04347507933652684
0.04343394642035001
0.04343394642035001
0.043364451330640603
0.04332971955352622
0.04315621834535761
0.043125401198563444
0.04308689144487838
0.04308689144487838
0.04337200402839236
0.04334104535830369
0.043186377266761895
0.04315890257302864
0.04312456848429923
0.04312456848429923
0.043062793104210316
0.043031917940056015
0.04287766737818612
0.042850266911950104
0.04281602560759223
0.04281602560759223
0.04274675100400781
0.04271212954044374
0.04253918060490485
0.04250846176290258
0.042470074942420624
0.042470074942420624
0.04239456502946556
0.04235682900701889
0.04216833823509435
0.042134861801686754
0.04209303028513528
0.04209303028513528
0.04202030284124566
0.04198395680127804
0.04180240342121217
0.04177015811725947
0.04172986458507948
0.04172986458507948
0.04202787859075152
0.04199531693270606
0.04183265053394291
0.04180375682106847
0.04176765019045426
0.04176765019045426
0.0417026876846894
0.04167022062095337
0.041508027193737466
0.04147921756469366
0.04144321603886772
0.04144321603886772
0.041372483854942466
0.04133713468380255
0.04116055803632996
0.041129196156733286
0.0410900063411802
0.0410900063411802
0.04101463515964785
0.040976968906015064
0.04078883100918496
0.04075541801248331
0.04071366609040874
0.04071366609040874
0.040640230702281954
0.040603531490769874
0.04042022025872267
0.04038766384463758
0.040346982017809944
0.040346982017809944
0.04027911628089738
0.040245199303421755
0.04007577332585028
0.04004568087953224
0.04000807709273146
0.04000807709273146
0.03994213174878485
0.03990917417507429
0.03974453728914876
0.03971529485372248
0.03967875299333796
0.03967875299333796
0.03960829352205906
0.03957308112893652
0.03939719258849302
0.039365953774830535
0.039326918104061255
0.039326918104061255
0.03924968241217105
0.03921108554370113
0.039018310976103324
0.03898407654453644
0.038941299043948364
0.038941299043948364
0.03886259740419496
0.0388232685246433
0.038626843530135596
0.03859196181381909
0.03854837592051611
0.03854837592051611
0.038474950220698474
0.03843825660993085
0.03825498094750491
0.03822243217704841
0.0381817604651935
0.0381817604651935
0.038113039475365214
0.038078695950755186
0.037907148030746095
0.037876680233480856
0.037838608057494956
0.037838608057494956
0.03776794451491735
0.03773263080602406
0.03755624288551282
0.037524916549256083
0.03748577200848741
0.03748577200848741
0.03740772740751381
0.03736872729245256
0.037173948571401876
0.03713935995358724
0.03709614061496752
0.03709614061496752
0.03701288560225984
0.03697128353634628
0.03676352761118145
0.03672663761438953
0.03668054396317023
0.03668054396317023
0.036600274981950336
0.03656016433287002
0.03635984950276467
0.036324279577447854
0.03627983483119413
0.03627983483119413
0.036206107769441366
0.03616926451129565
0.035985250947873616
0.035952572798482525
0.03591174012858119
0.03591174012858119
0.035839438664130356
0.03580330757174234
0.03562284850817613
0.03559080116556293
0.03555075653532414
0.03555075653532414
0.035472252949454865
0.035433024480498815
0.035237115375504634
0.03520232778715556
0.035158860578740424
0.035158860578740424
0.03507225988017267
0.03502898814309103
0.03481291557970529
0.03477455260371965
0.03472662007796147
0.03472662007796147
0.034639033711558506
0.034595270055566084
0.034376747047694715
0.03433795003368898
0.0342894756381885
0.0342894756381885
0.034208431725962815
0.03416793527780072
0.03396570811649774
0.03392980112885507
0.03388493628908006
0.03388493628908006
0.03380867066444998
0.033770560630631684
0.03358023824650764
0.033546442901192644
0.03350421559250947
0.03350421559250947
0.033424499490384195
0.03338466652596587
0.03318575257031745
0.033150433861894334
0.033106304059064916
0.033106304059064916
0.03301734810614587
0.032972901635951644
0.03275098434763361
0.03271158735916097
0.03266236446154449
0.03266236446154449
0.03256787308149326
0.032520663281226
0.032284973177473024
0.0322431353370426
0.03219086462151073
0.03219086462151073
0.03210056681929287
0.032055451026186364
0.03183020314067817
0.03179021684083897
0.03174025849048623
0.03174025849048623
0.03165705745017387
0.03161548531320794
0.03140790846028061
0.03137105543322792
0.03132501017399743
0.03132501017399743
0.03124204059693804
0.031200584292473386
0.030993587610800424
0.030956837901316075
0.030910921863768072
0.030910921863768072
0.030819584242916802
0.030773950273519812
0.03054612883682128
0.030505688040651607
0.030455162853608865
0.030455162853608865
0.030354585182233357
0.030304339031137304
0.030053535121574045
0.030009022238338453
0.029953412752510022
0.029953412752510022
0.02985268245309767
0.029802360606666783
0.02955118440726536
0.02950660641868341
0.02945091600945619
0.02945091600945619
0.02935754257169099
0.02931089348905259
0.029078024438302444
0.02903669116577212
0.028985052453808616
0.028985052453808616
0.02889550670945185
0.028850768824805587
0.02862742927689543
0.028587785516582247
0.028538256732881222
0.028538256732881222
0.028442885535181216
0.028395240043950748
0.02815741366399397
0.028115203400687634
0.028062470280902505
0.028062470280902505
0.02795599865526697
0.027902813402138692
0.02763739273339197
0.027590295056101753
0.027531460411110802
0.027531460411110802
0.027419776967390876
0.027363991591392214
0.02708562817001233
0.027036239654957144
0.026974545748813247
0.026974545748813247
0.026867908918454003
0.02681464256741495
0.02654883145362516
0.026501666988933324
0.02644274997409852
0.02644274997409852
0.026342196771977647
0.026291967069524566
0.02604128754333305
0.025996804125547293
0.025941234593024238
0.025941234593024238
0.02583811529684933
0.025786605592815252
0.025529556513178276
0.025483946044200116
0.025426969953572482
0.025426969953572482
0.025312882702267045
0.025255901016390702
0.024971611984772664
0.02492117978847341
0.024858185424415185
0.024858185424415185
0.02473470132638001
0.024673032912509118
0.02436542719462147
0.02431087021638873
0.024242728538150946
0.024242728538150946
0.024119983064093242
0.024058684255081307
0.023752929490191053
0.02369870208128537
0.023630972581647314
0.023630972581647314
0.02351405095557079
0.023455658307804286
0.02316437672168916
0.023112712267183165
0.023048182191844596
0.023048182191844596
0.02293110574765008
0.022872636947529515
0.022580987166693586
0.022529259448117477
0.022464651223583737
0.022464651223583737
0.022337921172605114
0.0222746388031861
0.021959053516793912
0.02190309368881723
0.02183320513056508
0.02183320513056508
0.021694733338975897
0.021625597882248992
0.021280924989291537
0.021219825060027946
0.021143524547757857
0.021143524547757857
0.021001045016344477
0.020929913683092848
0.020575341341385178
0.02051249545743117
0.0204340184228257
0.0204340184228257
0.0202941007431582
0.020224248624653326
0.01987605524541738
0.01981434041356737
0.019737275926591007
0.019737275926591007
0.01959672760564266
0.019526563358230564
0.019176841251791223
0.019114860215330955
0.019037465336838647
0.019037465336838647
0.018887866138354293
0.018813193722441533
0.018441103476172064
0.018375176015648736
0.018292860899868247
0.018292860899868247
0.01813075635481545
0.01804985689514121
0.017646887725291927
0.01757551539818018
0.017486413183995766
0.017486413183995766
0.01731648188965978
0.017231688497165016
0.01680944408142333
0.016734678967108136
0.016641350170268365
0.016641350170268365
0.016467995861782905
0.016381502934765164
0.015950880571926264
0.015874646935172154
0.015779491353840644
0.015779491353840644
0.015600189051238418
0.015510740721138819
0.015065527282655896
0.014986732120709294
0.01488838840620308
0.01488838840620308
0.01469740546269837
0.014602151259064632
0.014128252922081953
0.014044418327533142
0.013939800838509049
0.013939800838509049
0.013735142760575178
0.013633095526049473
0.013125677397833019
0.01303596143875533
0.01292402523393874
0.01292402523393874
0.012706967761359605
0.012598768077725237
0.012061060186105426
0.011966041821528611
0.011847512608515144
0.011847512608515144
0.011617196703074767
0.011502424805548027
0.010932425869849102
0.010831766336432787
0.010706227886472377
0.010706227886472377
0.01045900111321781
0.010335853334285234
0.009724770516569416
0.009616945989562123
0.009482510225391714
0.009482510225391714
0.009214461599366149
0.009081013518673043
0.008419535438404154
0.008302944777646643
0.008157633290455032
0.008157633290455032
0.007863800412422378
0.007717618423089878
0.0069940529732650724
0.00686670062443171
0.00670805422519282
0.00670805422519282
0.006378854797075157
0.006215242723018556
0.005407058752757915
0.005265104892040584
0.005088394151330767
0.005088394151330767
0.004701997493111249
0.004510278329170929
0.003566474161163431
0.0034012676836898
0.0031958552647510527
0.0031958552647510527
0.0026738056229341986
0.0024157929494774267
0.0011558510567103032
0.000937117150339794
0.0006659309877112283
0.0006659309877112283
6.7738860058154e-05
-0.00022669669596166457
